1228
954
2115
3032
2907
4393
1666
4466
2437
2303
5930
2961
2564
5516
3170
183
4024
1759
3631
102
5640
701
1200
891
3639
704
2429
4039
1975
6163
3897
3086
596
4625
1694
4271
2796
298
1757
5142
5839
1503
691
4745
368
1339
591
3093
4642
3196
2794
5349
3552
5109
7351
1869
164
3254
3023
4174
7374
342
1766
963
4371
5715
769
2014
850
662
5158
1544
3126
1605
5546
303
3987
403
430
433
427
3015
5809
3158
1078
1303
3098
5480
2483
3028
6197
5347
1504
15207
7367
1691
2925
656
722
5490
2044
198
2932
2928
5629
2315
3811
1048
1001
7393
880
1684
1572
3623
15000
3660
2667
7340
603
161
3167
1639
7396
7410
7368
2171
5371
3231
4501
1270
3513
4464
3821
1612
3946
840
853
1358
3166
5779
2985
6232
5100
766
953
5871
2385
1580
2601
1420
7341
7412
3287
5705
2597
867
282
2261
7394
5397
460
5029
4336
5426
5906
4177
13674
3362
4931
4928
3761
3603
2485
7369
5440
3668
4280
2773
4104
1587
7370
4911
1832
5800
1443
2812
1468
2638
3268
4887
2886
15444
2023
232
3484
2905
2829
2410
5404
3379
3715
1261
1262
7395
15191
3366
5856
1346
2712
7403
2559
3730
125
5792
2290
1550
856
50036456
